(kicad_pcb (version 20171130) (host pcbnew "(5.1.10)-1")

  (general
    (thickness 1.6)
    (drawings 9)
    (tracks 743)
    (zones 0)
    (modules 32)
    (nets 68)
  )

  (page A4)
  (title_block
    (title "ESP32 DEV KIT")
    (date 2021-12-31)
    (rev V1)
    (company JOSEPH)
  )

  (layers
    (0 F.Cu signal)
    (1 In1.Cu power)
    (2 In2.Cu power)
    (31 B.Cu signal)
    (32 B.Adhes user)
    (33 F.Adhes user)
    (34 B.Paste user)
    (35 F.Paste user)
    (36 B.SilkS user)
    (37 F.SilkS user hide)
    (38 B.Mask user)
    (39 F.Mask user)
    (40 Dwgs.User user)
    (41 Cmts.User user)
    (42 Eco1.User user)
    (43 Eco2.User user)
    (44 Edge.Cuts user)
    (45 Margin user)
    (46 B.CrtYd user)
    (47 F.CrtYd user)
    (48 B.Fab user)
    (49 F.Fab user hide)
  )

  (setup
    (last_trace_width 0.2032)
    (user_trace_width 0.2032)
    (user_trace_width 0.254)
    (user_trace_width 0.254)
    (user_trace_width 0.508)
    (user_trace_width 0.762)
    (user_trace_width 1)
    (trace_clearance 0.2)
    (zone_clearance 0.508)
    (zone_45_only no)
    (trace_min 0.2)
    (via_size 0.8)
    (via_drill 0.4)
    (via_min_size 0.3)
    (via_min_drill 0.2)
    (user_via 0.381 0.254)
    (user_via 0.508 0.381)
    (user_via 0.762 0.508)
    (uvia_size 0.3)
    (uvia_drill 0.1)
    (uvias_allowed no)
    (uvia_min_size 0.2)
    (uvia_min_drill 0.1)
    (edge_width 0.05)
    (segment_width 0.2)
    (pcb_text_width 0.3)
    (pcb_text_size 1.5 1.5)
    (mod_edge_width 0.12)
    (mod_text_size 1 1)
    (mod_text_width 0.15)
    (pad_size 1.524 1.524)
    (pad_drill 0.762)
    (pad_to_mask_clearance 0)
    (aux_axis_origin 0 0)
    (visible_elements 7FFFFFFF)
    (pcbplotparams
      (layerselection 0x010fc_ffffffff)
      (usegerberextensions false)
      (usegerberattributes true)
      (usegerberadvancedattributes true)
      (creategerberjobfile true)
      (excludeedgelayer true)
      (linewidth 0.100000)
      (plotframeref false)
      (viasonmask false)
      (mode 1)
      (useauxorigin false)
      (hpglpennumber 1)
      (hpglpenspeed 20)
      (hpglpendiameter 15.000000)
      (psnegative false)
      (psa4output false)
      (plotreference true)
      (plotvalue true)
      (plotinvisibletext false)
      (padsonsilk false)
      (subtractmaskfromsilk false)
      (outputformat 1)
      (mirror false)
      (drillshape 1)
      (scaleselection 1)
      (outputdirectory ""))
  )

  (net 0 "")
  (net 1 +3V3)
  (net 2 GND)
  (net 3 EN)
  (net 4 5V)
  (net 5 IO0)
  (net 6 USB_DN)
  (net 7 USB_DP)
  (net 8 VBUS1)
  (net 9 "Net-(D4-Pad2)")
  (net 10 "Net-(J1-Pad4)")
  (net 11 IO35)
  (net 12 IO34)
  (net 13 IO33)
  (net 14 IO32)
  (net 15 RXD0)
  (net 16 TXD0)
  (net 17 SD1)
  (net 18 SD0)
  (net 19 CLK)
  (net 20 CMD)
  (net 21 SD3)
  (net 22 SD2)
  (net 23 SENSOR_VN)
  (net 24 SENSOR_VP)
  (net 25 IO27)
  (net 26 IO26)
  (net 27 IO2)
  (net 28 IO4)
  (net 29 IO5)
  (net 30 IO12)
  (net 31 IO13)
  (net 32 IO14)
  (net 33 IO15)
  (net 34 IO16)
  (net 35 IO17)
  (net 36 IO18)
  (net 37 IO19)
  (net 38 IO21)
  (net 39 IO22)
  (net 40 IO23)
  (net 41 IO25)
  (net 42 "Net-(MOD1-Pad32)")
  (net 43 "Net-(Q1-Pad1)")
  (net 44 RTS)
  (net 45 DTR)
  (net 46 "Net-(Q2-Pad1)")
  (net 47 RXD)
  (net 48 TXD)
  (net 49 VBUS)
  (net 50 "Net-(R9-Pad2)")
  (net 51 "Net-(R10-Pad1)")
  (net 52 "Net-(U2-Pad1)")
  (net 53 "Net-(U2-Pad2)")
  (net 54 "Net-(U2-Pad10)")
  (net 55 "Net-(U2-Pad12)")
  (net 56 "Net-(U2-Pad13)")
  (net 57 "Net-(U2-Pad14)")
  (net 58 "Net-(U2-Pad15)")
  (net 59 "Net-(U2-Pad16)")
  (net 60 "Net-(U2-Pad17)")
  (net 61 "Net-(U2-Pad18)")
  (net 62 "Net-(U2-Pad19)")
  (net 63 "Net-(U2-Pad20)")
  (net 64 "Net-(U2-Pad21)")
  (net 65 "Net-(U2-Pad22)")
  (net 66 "Net-(U2-Pad23)")
  (net 67 "Net-(U2-Pad27)")

  (net_class Default "This is the default net class."
    (clearance 0.2)
    (trace_width 0.25)
    (via_dia 0.8)
    (via_drill 0.4)
    (uvia_dia 0.3)
    (uvia_drill 0.1)
    (add_net CLK)
    (add_net CMD)
    (add_net DTR)
    (add_net EN)
    (add_net IO0)
    (add_net IO12)
    (add_net IO13)
    (add_net IO14)
    (add_net IO15)
    (add_net IO16)
    (add_net IO17)
    (add_net IO18)
    (add_net IO19)
    (add_net IO2)
    (add_net IO21)
    (add_net IO22)
    (add_net IO23)
    (add_net IO25)
    (add_net IO26)
    (add_net IO27)
    (add_net IO32)
    (add_net IO33)
    (add_net IO34)
    (add_net IO35)
    (add_net IO4)
    (add_net IO5)
    (add_net "Net-(D4-Pad2)")
    (add_net "Net-(J1-Pad4)")
    (add_net "Net-(MOD1-Pad32)")
    (add_net "Net-(Q1-Pad1)")
    (add_net "Net-(Q2-Pad1)")
    (add_net "Net-(R10-Pad1)")
    (add_net "Net-(R9-Pad2)")
    (add_net "Net-(U2-Pad1)")
    (add_net "Net-(U2-Pad10)")
    (add_net "Net-(U2-Pad12)")
    (add_net "Net-(U2-Pad13)")
    (add_net "Net-(U2-Pad14)")
    (add_net "Net-(U2-Pad15)")
    (add_net "Net-(U2-Pad16)")
    (add_net "Net-(U2-Pad17)")
    (add_net "Net-(U2-Pad18)")
    (add_net "Net-(U2-Pad19)")
    (add_net "Net-(U2-Pad2)")
    (add_net "Net-(U2-Pad20)")
    (add_net "Net-(U2-Pad21)")
    (add_net "Net-(U2-Pad22)")
    (add_net "Net-(U2-Pad23)")
    (add_net "Net-(U2-Pad27)")
    (add_net RTS)
    (add_net RXD)
    (add_net RXD0)
    (add_net SD0)
    (add_net SD1)
    (add_net SD2)
    (add_net SD3)
    (add_net SENSOR_VN)
    (add_net SENSOR_VP)
    (add_net TXD)
    (add_net TXD0)
    (add_net USB_DN)
    (add_net USB_DP)
    (add_net VBUS)
    (add_net VBUS1)
  )

  (net_class GROUND ""
    (clearance 0.2)
    (trace_width 0.25)
    (via_dia 0.8)
    (via_drill 0.4)
    (uvia_dia 0.3)
    (uvia_drill 0.1)
    (add_net GND)
  )

  (net_class POWER ""
    (clearance 0.2)
    (trace_width 0.25)
    (via_dia 0.8)
    (via_drill 0.4)
    (uvia_dia 0.3)
    (uvia_drill 0.1)
    (add_net +3V3)
    (add_net 5V)
  )

  (module Button_Switch_THT:SW_PUSH_6mm (layer F.Cu) (tedit 5A02FE31) (tstamp 61CFF7A5)
    (at 99.06 135.763 90)
    (descr https://www.omron.com/ecb/products/pdf/en-b3f.pdf)
    (tags "tact sw push 6mm")
    (path /61D100FD)
    (fp_text reference S2 (at 0 -2.45 90) (layer F.SilkS)
      (effects (font (size 1 1) (thickness 0.15)))
    )
    (fp_text value GPTS203211B (at 0 2.55 90) (layer F.Fab)
      (effects (font (size 1 1) (thickness 0.15)))
    )
    (fp_line (start 3.25 -0.75) (end 6.25 -0.75) (layer F.Fab) (width 0.1))
    (fp_line (start 6.25 -0.75) (end 6.25 5.25) (layer F.Fab) (width 0.1))
    (fp_line (start 6.25 5.25) (end 0.25 5.25) (layer F.Fab) (width 0.1))
    (fp_line (start 0.25 5.25) (end 0.25 -0.75) (layer F.Fab) (width 0.1))
    (fp_line (start 0.25 -0.75) (end 3.25 -0.75) (layer F.Fab) (width 0.1))
    (fp_line (start 7.75 6) (end 8 6) (layer F.CrtYd) (width 0.05))
    (fp_line (start 8 6) (end 8 5.75) (layer F.CrtYd) (width 0.05))
    (fp_line (start 7.75 -1.5) (end 8 -1.5) (layer F.CrtYd) (width 0.05))
    (fp_line (start 8 -1.5) (end 8 -1.25) (layer F.CrtYd) (width 0.05))
    (fp_line (start -1.5 -1.25) (end -1.5 -1.5) (layer F.CrtYd) (width 0.05))
    (fp_line (start -1.5 -1.5) (end -1.25 -1.5) (layer F.CrtYd) (width 0.05))
    (fp_line (start -1.5 5.75) (end -1.5 6) (layer F.CrtYd) (width 0.05))
    (fp_line (start -1.5 6) (end -1.25 6) (layer F.CrtYd) (width 0.05))
    (fp_line (start -1.25 -1.5) (end 7.75 -1.5) (layer F.CrtYd) (width 0.05))
    (fp_line (start -1.5 5.75) (end -1.5 -1.25) (layer F.CrtYd) (width 0.05))
    (fp_line (start 7.75 6) (end -1.25 6) (layer F.CrtYd) (width 0.05))
    (fp_line (start 8 -1.25) (end 8 5.75) (layer F.CrtYd) (width 0.05))
    (fp_line (start 1 5.5) (end 5.5 5.5) (layer F.SilkS) (width 0.12))
    (fp_line (start -0.25 1.5) (end -0.25 3) (layer F.SilkS) (width 0.12))
    (fp_line (start 5.5 -1) (end 1 -1) (layer F.SilkS) (width 0.12))
    (fp_line (start 6.75 3) (end 6.75 1.5) (layer F.SilkS) (width 0.12))
    (fp_circle (center 3.25 2.25) (end 1.25 2.5) (layer F.Fab) (width 0.1))
    (fp_text user %R (at 0 -2.45 90) (layer F.Fab)
      (effects (font (size 1 1) (thickness 0.15)))
    )
    (pad 1 thru_hole circle (at 6.5 0 180) (size 2 2) (drill 1.1) (layers *.Cu *.Mask)
      (net 2 GND))
    (pad 2 thru_hole circle (at 6.5 4.5 180) (size 2 2) (drill 1.1) (layers *.Cu *.Mask)
      (net 3 EN))
    (pad 1 thru_hole circle (at 0 0 180) (size 2 2) (drill 1.1) (layers *.Cu *.Mask)
      (net 2 GND))
    (pad 2 thru_hole circle (at 0 4.5 180) (size 2 2) (drill 1.1) (layers *.Cu *.Mask)
      (net 3 EN))
    (model ${KISYS3DMOD}/Button_Switch_THT.3dshapes/SW_PUSH_6mm.wrl
      (at (xyz 0 0 0))
      (scale (xyz 1 1 1))
      (rotate (xyz 0 0 0))
    )
  )

  (module Button_Switch_THT:SW_PUSH_6mm (layer F.Cu) (tedit 5A02FE31) (tstamp 61CFF78E)
    (at 117.475 135.763 90)
    (descr https://www.omron.com/ecb/products/pdf/en-b3f.pdf)
    (tags "tact sw push 6mm")
    (path /61CD577C)
    (fp_text reference S1 (at 0 -2.45 90) (layer F.SilkS)
      (effects (font (size 1 1) (thickness 0.15)))
    )
    (fp_text value GPTS203211B (at 0 2.55 90) (layer F.Fab)
      (effects (font (size 1 1) (thickness 0.15)))
    )
    (fp_line (start 3.25 -0.75) (end 6.25 -0.75) (layer F.Fab) (width 0.1))
    (fp_line (start 6.25 -0.75) (end 6.25 5.25) (layer F.Fab) (width 0.1))
    (fp_line (start 6.25 5.25) (end 0.25 5.25) (layer F.Fab) (width 0.1))
    (fp_line (start 0.25 5.25) (end 0.25 -0.75) (layer F.Fab) (width 0.1))
    (fp_line (start 0.25 -0.75) (end 3.25 -0.75) (layer F.Fab) (width 0.1))
    (fp_line (start 7.75 6) (end 8 6) (layer F.CrtYd) (width 0.05))
    (fp_line (start 8 6) (end 8 5.75) (layer F.CrtYd) (width 0.05))
    (fp_line (start 7.75 -1.5) (end 8 -1.5) (layer F.CrtYd) (width 0.05))
    (fp_line (start 8 -1.5) (end 8 -1.25) (layer F.CrtYd) (width 0.05))
    (fp_line (start -1.5 -1.25) (end -1.5 -1.5) (layer F.CrtYd) (width 0.05))
    (fp_line (start -1.5 -1.5) (end -1.25 -1.5) (layer F.CrtYd) (width 0.05))
    (fp_line (start -1.5 5.75) (end -1.5 6) (layer F.CrtYd) (width 0.05))
    (fp_line (start -1.5 6) (end -1.25 6) (layer F.CrtYd) (width 0.05))
    (fp_line (start -1.25 -1.5) (end 7.75 -1.5) (layer F.CrtYd) (width 0.05))
    (fp_line (start -1.5 5.75) (end -1.5 -1.25) (layer F.CrtYd) (width 0.05))
    (fp_line (start 7.75 6) (end -1.25 6) (layer F.CrtYd) (width 0.05))
    (fp_line (start 8 -1.25) (end 8 5.75) (layer F.CrtYd) (width 0.05))
    (fp_line (start 1 5.5) (end 5.5 5.5) (layer F.SilkS) (width 0.12))
    (fp_line (start -0.25 1.5) (end -0.25 3) (layer F.SilkS) (width 0.12))
    (fp_line (start 5.5 -1) (end 1 -1) (layer F.SilkS) (width 0.12))
    (fp_line (start 6.75 3) (end 6.75 1.5) (layer F.SilkS) (width 0.12))
    (fp_circle (center 3.25 2.25) (end 1.25 2.5) (layer F.Fab) (width 0.1))
    (fp_text user %R (at 0 -2.45 90) (layer F.Fab)
      (effects (font (size 1 1) (thickness 0.15)))
    )
    (pad 1 thru_hole circle (at 6.5 0 180) (size 2 2) (drill 1.1) (layers *.Cu *.Mask)
      (net 2 GND))
    (pad 2 thru_hole circle (at 6.5 4.5 180) (size 2 2) (drill 1.1) (layers *.Cu *.Mask)
      (net 5 IO0))
    (pad 1 thru_hole circle (at 0 0 180) (size 2 2) (drill 1.1) (layers *.Cu *.Mask)
      (net 2 GND))
    (pad 2 thru_hole circle (at 0 4.5 180) (size 2 2) (drill 1.1) (layers *.Cu *.Mask)
      (net 5 IO0))
    (model ${KISYS3DMOD}/Button_Switch_THT.3dshapes/SW_PUSH_6mm.wrl
      (at (xyz 0 0 0))
      (scale (xyz 1 1 1))
      (rotate (xyz 0 0 0))
    )
  )

  (module Connector_PinHeader_2.54mm:PinHeader_1x19_P2.54mm_Vertical (layer F.Cu) (tedit 59FED5CC) (tstamp 61CFF659)
    (at 125.603 132.969 180)
    (descr "Through hole straight pin header, 1x19, 2.54mm pitch, single row")
    (tags "Through hole pin header THT 1x19 2.54mm single row")
    (path /61D29E3F)
    (fp_text reference J3 (at 0 -2.33) (layer F.SilkS)
      (effects (font (size 1 1) (thickness 0.15)))
    )
    (fp_text value Conn_01x19 (at 0 48.05) (layer F.Fab)
      (effects (font (size 1 1) (thickness 0.15)))
    )
    (fp_line (start -0.635 -1.27) (end 1.27 -1.27) (layer F.Fab) (width 0.1))
    (fp_line (start 1.27 -1.27) (end 1.27 46.99) (layer F.Fab) (width 0.1))
    (fp_line (start 1.27 46.99) (end -1.27 46.99) (layer F.Fab) (width 0.1))
    (fp_line (start -1.27 46.99) (end -1.27 -0.635) (layer F.Fab) (width 0.1))
    (fp_line (start -1.27 -0.635) (end -0.635 -1.27) (layer F.Fab) (width 0.1))
    (fp_line (start -1.33 47.05) (end 1.33 47.05) (layer F.SilkS) (width 0.12))
    (fp_line (start -1.33 1.27) (end -1.33 47.05) (layer F.SilkS) (width 0.12))
    (fp_line (start 1.33 1.27) (end 1.33 47.05) (layer F.SilkS) (width 0.12))
    (fp_line (start -1.33 1.27) (end 1.33 1.27) (layer F.SilkS) (width 0.12))
    (fp_line (start -1.33 0) (end -1.33 -1.33) (layer F.SilkS) (width 0.12))
    (fp_line (start -1.33 -1.33) (end 0 -1.33) (layer F.SilkS) (width 0.12))
    (fp_line (start -1.8 -1.8) (end -1.8 47.5) (layer F.CrtYd) (width 0.05))
    (fp_line (start -1.8 47.5) (end 1.8 47.5) (layer F.CrtYd) (width 0.05))
    (fp_line (start 1.8 47.5) (end 1.8 -1.8) (layer F.CrtYd) (width 0.05))
    (fp_line (start 1.8 -1.8) (end -1.8 -1.8) (layer F.CrtYd) (width 0.05))
    (fp_text user %R (at 0 22.86 90) (layer F.Fab)
      (effects (font (size 1 1) (thickness 0.15)))
    )
    (pad 19 thru_hole oval (at 0 45.72 180) (size 1.7 1.7) (drill 1) (layers *.Cu *.Mask)
      (net 2 GND))
    (pad 18 thru_hole oval (at 0 43.18 180) (size 1.7 1.7) (drill 1) (layers *.Cu *.Mask)
      (net 41 IO25))
    (pad 17 thru_hole oval (at 0 40.64 180) (size 1.7 1.7) (drill 1) (layers *.Cu *.Mask)
      (net 40 IO23))
    (pad 16 thru_hole oval (at 0 38.1 180) (size 1.7 1.7) (drill 1) (layers *.Cu *.Mask)
      (net 39 IO22))
    (pad 15 thru_hole oval (at 0 35.56 180) (size 1.7 1.7) (drill 1) (layers *.Cu *.Mask)
      (net 38 IO21))
    (pad 14 thru_hole oval (at 0 33.02 180) (size 1.7 1.7) (drill 1) (layers *.Cu *.Mask)
      (net 37 IO19))
    (pad 13 thru_hole oval (at 0 30.48 180) (size 1.7 1.7) (drill 1) (layers *.Cu *.Mask)
      (net 36 IO18))
    (pad 12 thru_hole oval (at 0 27.94 180) (size 1.7 1.7) (drill 1) (layers *.Cu *.Mask)
      (net 35 IO17))
    (pad 11 thru_hole oval (at 0 25.4 180) (size 1.7 1.7) (drill 1) (layers *.Cu *.Mask)
      (net 34 IO16))
    (pad 10 thru_hole oval (at 0 22.86 180) (size 1.7 1.7) (drill 1) (layers *.Cu *.Mask)
      (net 33 IO15))
    (pad 9 thru_hole oval (at 0 20.32 180) (size 1.7 1.7) (drill 1) (layers *.Cu *.Mask)
      (net 32 IO14))
    (pad 8 thru_hole oval (at 0 17.78 180) (size 1.7 1.7) (drill 1) (layers *.Cu *.Mask)
      (net 31 IO13))
    (pad 7 thru_hole oval (at 0 15.24 180) (size 1.7 1.7) (drill 1) (layers *.Cu *.Mask)
      (net 30 IO12))
    (pad 6 thru_hole oval (at 0 12.7 180) (size 1.7 1.7) (drill 1) (layers *.Cu *.Mask)
      (net 29 IO5))
    (pad 5 thru_hole oval (at 0 10.16 180) (size 1.7 1.7) (drill 1) (layers *.Cu *.Mask)
      (net 28 IO4))
    (pad 4 thru_hole oval (at 0 7.62 180) (size 1.7 1.7) (drill 1) (layers *.Cu *.Mask)
      (net 27 IO2))
    (pad 3 thru_hole oval (at 0 5.08 180) (size 1.7 1.7) (drill 1) (layers *.Cu *.Mask)
      (net 5 IO0))
    (pad 2 thru_hole oval (at 0 2.54 180) (size 1.7 1.7) (drill 1) (layers *.Cu *.Mask)
      (net 3 EN))
    (pad 1 thru_hole rect (at 0 0 180) (size 1.7 1.7) (drill 1) (layers *.Cu *.Mask)
      (net 1 +3V3))
    (model ${KISYS3DMOD}/Connector_PinHeader_2.54mm.3dshapes/PinHeader_1x19_P2.54mm_Vertical.wrl
      (at (xyz 0 0 0))
      (scale (xyz 1 1 1))
      (rotate (xyz 0 180 0))
    )
  )

  (module Connector_PinHeader_2.54mm:PinHeader_1x19_P2.54mm_Vertical (layer F.Cu) (tedit 59FED5CC) (tstamp 61CFF630)
    (at 95.25 133.223 180)
    (descr "Through hole straight pin header, 1x19, 2.54mm pitch, single row")
    (tags "Through hole pin header THT 1x19 2.54mm single row")
    (path /61CD6814)
    (fp_text reference J2 (at 0 -2.33) (layer F.SilkS)
      (effects (font (size 1 1) (thickness 0.15)))
    )
    (fp_text value Conn_01x19 (at 0 48.05) (layer F.Fab)
      (effects (font (size 1 1) (thickness 0.15)))
    )
    (fp_line (start -0.635 -1.27) (end 1.27 -1.27) (layer F.Fab) (width 0.1))
    (fp_line (start 1.27 -1.27) (end 1.27 46.99) (layer F.Fab) (width 0.1))
    (fp_line (start 1.27 46.99) (end -1.27 46.99) (layer F.Fab) (width 0.1))
    (fp_line (start -1.27 46.99) (end -1.27 -0.635) (layer F.Fab) (width 0.1))
    (fp_line (start -1.27 -0.635) (end -0.635 -1.27) (layer F.Fab) (width 0.1))
    (fp_line (start -1.33 47.05) (end 1.33 47.05) (layer F.SilkS) (width 0.12))
    (fp_line (start -1.33 1.27) (end -1.33 47.05) (layer F.SilkS) (width 0.12))
    (fp_line (start 1.33 1.27) (end 1.33 47.05) (layer F.SilkS) (width 0.12))
    (fp_line (start -1.33 1.27) (end 1.33 1.27) (layer F.SilkS) (width 0.12))
    (fp_line (start -1.33 0) (end -1.33 -1.33) (layer F.SilkS) (width 0.12))
    (fp_line (start -1.33 -1.33) (end 0 -1.33) (layer F.SilkS) (width 0.12))
    (fp_line (start -1.8 -1.8) (end -1.8 47.5) (layer F.CrtYd) (width 0.05))
    (fp_line (start -1.8 47.5) (end 1.8 47.5) (layer F.CrtYd) (width 0.05))
    (fp_line (start 1.8 47.5) (end 1.8 -1.8) (layer F.CrtYd) (width 0.05))
    (fp_line (start 1.8 -1.8) (end -1.8 -1.8) (layer F.CrtYd) (width 0.05))
    (fp_text user %R (at 0 22.86 90) (layer F.Fab)
      (effects (font (size 1 1) (thickness 0.15)))
    )
    (pad 19 thru_hole oval (at 0 45.72 180) (size 1.7 1.7) (drill 1) (layers *.Cu *.Mask)
      (net 11 IO35))
    (pad 18 thru_hole oval (at 0 43.18 180) (size 1.7 1.7) (drill 1) (layers *.Cu *.Mask)
      (net 12 IO34))
    (pad 17 thru_hole oval (at 0 40.64 180) (size 1.7 1.7) (drill 1) (layers *.Cu *.Mask)
      (net 13 IO33))
    (pad 16 thru_hole oval (at 0 38.1 180) (size 1.7 1.7) (drill 1) (layers *.Cu *.Mask)
      (net 14 IO32))
    (pad 15 thru_hole oval (at 0 35.56 180) (size 1.7 1.7) (drill 1) (layers *.Cu *.Mask)
      (net 15 RXD0))
    (pad 14 thru_hole oval (at 0 33.02 180) (size 1.7 1.7) (drill 1) (layers *.Cu *.Mask)
      (net 16 TXD0))
    (pad 13 thru_hole oval (at 0 30.48 180) (size 1.7 1.7) (drill 1) (layers *.Cu *.Mask)
      (net 17 SD1))
    (pad 12 thru_hole oval (at 0 27.94 180) (size 1.7 1.7) (drill 1) (layers *.Cu *.Mask)
      (net 18 SD0))
    (pad 11 thru_hole oval (at 0 25.4 180) (size 1.7 1.7) (drill 1) (layers *.Cu *.Mask)
      (net 19 CLK))
    (pad 10 thru_hole oval (at 0 22.86 180) (size 1.7 1.7) (drill 1) (layers *.Cu *.Mask)
      (net 20 CMD))
    (pad 9 thru_hole oval (at 0 20.32 180) (size 1.7 1.7) (drill 1) (layers *.Cu *.Mask)
      (net 21 SD3))
    (pad 8 thru_hole oval (at 0 17.78 180) (size 1.7 1.7) (drill 1) (layers *.Cu *.Mask)
      (net 22 SD2))
    (pad 7 thru_hole oval (at 0 15.24 180) (size 1.7 1.7) (drill 1) (layers *.Cu *.Mask)
      (net 23 SENSOR_VN))
    (pad 6 thru_hole oval (at 0 12.7 180) (size 1.7 1.7) (drill 1) (layers *.Cu *.Mask)
      (net 24 SENSOR_VP))
    (pad 5 thru_hole oval (at 0 10.16 180) (size 1.7 1.7) (drill 1) (layers *.Cu *.Mask)
      (net 25 IO27))
    (pad 4 thru_hole oval (at 0 7.62 180) (size 1.7 1.7) (drill 1) (layers *.Cu *.Mask)
      (net 26 IO26))
    (pad 3 thru_hole oval (at 0 5.08 180) (size 1.7 1.7) (drill 1) (layers *.Cu *.Mask)
      (net 2 GND))
    (pad 2 thru_hole oval (at 0 2.54 180) (size 1.7 1.7) (drill 1) (layers *.Cu *.Mask)
      (net 2 GND))
    (pad 1 thru_hole rect (at 0 0 180) (size 1.7 1.7) (drill 1) (layers *.Cu *.Mask)
      (net 4 5V))
    (model ${KISYS3DMOD}/Connector_PinHeader_2.54mm.3dshapes/PinHeader_1x19_P2.54mm_Vertical.wrl
      (at (xyz 0 0 0))
      (scale (xyz 1 1 1))
      (rotate (xyz 0 180 0))
    )
  )

  (module Capacitor_SMD:C_0402_1005Metric_Pad0.74x0.62mm_HandSolder (layer F.Cu) (tedit 5F6BB22C) (tstamp 61CFF51A)
    (at 118.872 122.428)
    (descr "Capacitor SMD 0402 (1005 Metric), square (rectangular) end terminal, IPC_7351 nominal with elongated pad for handsoldering. (Body size source: IPC-SM-782 page 76, https://www.pcb-3d.com/wordpress/wp-content/uploads/ipc-sm-782a_amendment_1_and_2.pdf), generated with kicad-footprint-generator")
    (tags "capacitor handsolder")
    (path /61CDC882)
    (attr smd)
    (fp_text reference C1 (at 0 -1.16) (layer F.SilkS)
      (effects (font (size 1 1) (thickness 0.15)))
    )
    (fp_text value 22uF/10V (at 0 1.16) (layer F.Fab)
      (effects (font (size 1 1) (thickness 0.15)))
    )
    (fp_line (start 1.08 0.46) (end -1.08 0.46) (layer F.CrtYd) (width 0.05))
    (fp_line (start 1.08 -0.46) (end 1.08 0.46) (layer F.CrtYd) (width 0.05))
    (fp_line (start -1.08 -0.46) (end 1.08 -0.46) (layer F.CrtYd) (width 0.05))
    (fp_line (start -1.08 0.46) (end -1.08 -0.46) (layer F.CrtYd) (width 0.05))
    (fp_line (start -0.115835 0.36) (end 0.115835 0.36) (layer F.SilkS) (width 0.12))
    (fp_line (start -0.115835 -0.36) (end 0.115835 -0.36) (layer F.SilkS) (width 0.12))
    (fp_line (start 0.5 0.25) (end -0.5 0.25) (layer F.Fab) (width 0.1))
    (fp_line (start 0.5 -0.25) (end 0.5 0.25) (layer F.Fab) (width 0.1))
    (fp_line (start -0.5 -0.25) (end 0.5 -0.25) (layer F.Fab) (width 0.1))
    (fp_line (start -0.5 0.25) (end -0.5 -0.25) (layer F.Fab) (width 0.1))
    (fp_text user %R (at 0 0) (layer F.Fab)
      (effects (font (size 0.25 0.25) (thickness 0.04)))
    )
    (pad 1 smd roundrect (at -0.5675 0) (size 0.735 0.62) (layers F.Cu F.Paste F.Mask) (roundrect_rratio 0.25)
      (net 1 +3V3))
    (pad 2 smd roundrect (at 0.5675 0) (size 0.735 0.62) (layers F.Cu F.Paste F.Mask) (roundrect_rratio 0.25)
      (net 2 GND))
    (model ${KISYS3DMOD}/Capacitor_SMD.3dshapes/C_0402_1005Metric.wrl
      (at (xyz 0 0 0))
      (scale (xyz 1 1 1))
      (rotate (xyz 0 0 0))
    )
  )

  (module Capacitor_SMD:C_0402_1005Metric_Pad0.74x0.62mm_HandSolder (layer F.Cu) (tedit 5F6BB22C) (tstamp 61CFF52B)
    (at 109.22 109.728)
    (descr "Capacitor SMD 0402 (1005 Metric), square (rectangular) end terminal, IPC_7351 nominal with elongated pad for handsoldering. (Body size source: IPC-SM-782 page 76, https://www.pcb-3d.com/wordpress/wp-content/uploads/ipc-sm-782a_amendment_1_and_2.pdf), generated with kicad-footprint-generator")
    (tags "capacitor handsolder")
    (path /61CDF79B)
    (attr smd)
    (fp_text reference C2 (at 0 -1.16) (layer F.SilkS)
      (effects (font (size 1 1) (thickness 0.15)))
    )
    (fp_text value 0.1uF/50V (at 0 1.16) (layer F.Fab)
      (effects (font (size 1 1) (thickness 0.15)))
    )
    (fp_line (start 1.08 0.46) (end -1.08 0.46) (layer F.CrtYd) (width 0.05))
    (fp_line (start 1.08 -0.46) (end 1.08 0.46) (layer F.CrtYd) (width 0.05))
    (fp_line (start -1.08 -0.46) (end 1.08 -0.46) (layer F.CrtYd) (width 0.05))
    (fp_line (start -1.08 0.46) (end -1.08 -0.46) (layer F.CrtYd) (width 0.05))
    (fp_line (start -0.115835 0.36) (end 0.115835 0.36) (layer F.SilkS) (width 0.12))
    (fp_line (start -0.115835 -0.36) (end 0.115835 -0.36) (layer F.SilkS) (width 0.12))
    (fp_line (start 0.5 0.25) (end -0.5 0.25) (layer F.Fab) (width 0.1))
    (fp_line (start 0.5 -0.25) (end 0.5 0.25) (layer F.Fab) (width 0.1))
    (fp_line (start -0.5 -0.25) (end 0.5 -0.25) (layer F.Fab) (width 0.1))
    (fp_line (start -0.5 0.25) (end -0.5 -0.25) (layer F.Fab) (width 0.1))
    (fp_text user %R (at 0 0) (layer F.Fab)
      (effects (font (size 0.25 0.25) (thickness 0.04)))
    )
    (pad 1 smd roundrect (at -0.5675 0) (size 0.735 0.62) (layers F.Cu F.Paste F.Mask) (roundrect_rratio 0.25)
      (net 3 EN))
    (pad 2 smd roundrect (at 0.5675 0) (size 0.735 0.62) (layers F.Cu F.Paste F.Mask) (roundrect_rratio 0.25)
      (net 2 GND))
    (model ${KISYS3DMOD}/Capacitor_SMD.3dshapes/C_0402_1005Metric.wrl
      (at (xyz 0 0 0))
      (scale (xyz 1 1 1))
      (rotate (xyz 0 0 0))
    )
  )

  (module Capacitor_SMD:C_0402_1005Metric_Pad0.74x0.62mm_HandSolder (layer F.Cu) (tedit 5F6BB22C) (tstamp 61CFF53C)
    (at 118.872 120.396)
    (descr "Capacitor SMD 0402 (1005 Metric), square (rectangular) end terminal, IPC_7351 nominal with elongated pad for handsoldering. (Body size source: IPC-SM-782 page 76, https://www.pcb-3d.com/wordpress/wp-content/uploads/ipc-sm-782a_amendment_1_and_2.pdf), generated with kicad-footprint-generator")
    (tags "capacitor handsolder")
    (path /61CDCCC5)
    (attr smd)
    (fp_text reference C3 (at 0 -1.16) (layer F.SilkS)
      (effects (font (size 1 1) (thickness 0.15)))
    )
    (fp_text value 0.1uF/50V (at 0 1.16) (layer F.Fab)
      (effects (font (size 1 1) (thickness 0.15)))
    )
    (fp_line (start -0.5 0.25) (end -0.5 -0.25) (layer F.Fab) (width 0.1))
    (fp_line (start -0.5 -0.25) (end 0.5 -0.25) (layer F.Fab) (width 0.1))
    (fp_line (start 0.5 -0.25) (end 0.5 0.25) (layer F.Fab) (width 0.1))
    (fp_line (start 0.5 0.25) (end -0.5 0.25) (layer F.Fab) (width 0.1))
    (fp_line (start -0.115835 -0.36) (end 0.115835 -0.36) (layer F.SilkS) (width 0.12))
    (fp_line (start -0.115835 0.36) (end 0.115835 0.36) (layer F.SilkS) (width 0.12))
    (fp_line (start -1.08 0.46) (end -1.08 -0.46) (layer F.CrtYd) (width 0.05))
    (fp_line (start -1.08 -0.46) (end 1.08 -0.46) (layer F.CrtYd) (width 0.05))
    (fp_line (start 1.08 -0.46) (end 1.08 0.46) (layer F.CrtYd) (width 0.05))
    (fp_line (start 1.08 0.46) (end -1.08 0.46) (layer F.CrtYd) (width 0.05))
    (fp_text user %R (at 0 0) (layer F.Fab)
      (effects (font (size 0.25 0.25) (thickness 0.04)))
    )
    (pad 2 smd roundrect (at 0.5675 0) (size 0.735 0.62) (layers F.Cu F.Paste F.Mask) (roundrect_rratio 0.25)
      (net 2 GND))
    (pad 1 smd roundrect (at -0.5675 0) (size 0.735 0.62) (layers F.Cu F.Paste F.Mask) (roundrect_rratio 0.25)
      (net 1 +3V3))
    (model ${KISYS3DMOD}/Capacitor_SMD.3dshapes/C_0402_1005Metric.wrl
      (at (xyz 0 0 0))
      (scale (xyz 1 1 1))
      (rotate (xyz 0 0 0))
    )
  )

  (module Capacitor_SMD:C_0402_1005Metric_Pad0.74x0.62mm_HandSolder (layer F.Cu) (tedit 5F6BB22C) (tstamp 61CFF54D)
    (at 118.872 124.46)
    (descr "Capacitor SMD 0402 (1005 Metric), square (rectangular) end terminal, IPC_7351 nominal with elongated pad for handsoldering. (Body size source: IPC-SM-782 page 76, https://www.pcb-3d.com/wordpress/wp-content/uploads/ipc-sm-782a_amendment_1_and_2.pdf), generated with kicad-footprint-generator")
    (tags "capacitor handsolder")
    (path /61CEC270)
    (attr smd)
    (fp_text reference C5 (at 0 -1.16) (layer F.SilkS)
      (effects (font (size 1 1) (thickness 0.15)))
    )
    (fp_text value 22uF/10V (at 0 1.16) (layer F.Fab)
      (effects (font (size 1 1) (thickness 0.15)))
    )
    (fp_line (start 1.08 0.46) (end -1.08 0.46) (layer F.CrtYd) (width 0.05))
    (fp_line (start 1.08 -0.46) (end 1.08 0.46) (layer F.CrtYd) (width 0.05))
    (fp_line (start -1.08 -0.46) (end 1.08 -0.46) (layer F.CrtYd) (width 0.05))
    (fp_line (start -1.08 0.46) (end -1.08 -0.46) (layer F.CrtYd) (width 0.05))
    (fp_line (start -0.115835 0.36) (end 0.115835 0.36) (layer F.SilkS) (width 0.12))
    (fp_line (start -0.115835 -0.36) (end 0.115835 -0.36) (layer F.SilkS) (width 0.12))
    (fp_line (start 0.5 0.25) (end -0.5 0.25) (layer F.Fab) (width 0.1))
    (fp_line (start 0.5 -0.25) (end 0.5 0.25) (layer F.Fab) (width 0.1))
    (fp_line (start -0.5 -0.25) (end 0.5 -0.25) (layer F.Fab) (width 0.1))
    (fp_line (start -0.5 0.25) (end -0.5 -0.25) (layer F.Fab) (width 0.1))
    (fp_text user %R (at 0 0) (layer F.Fab)
      (effects (font (size 0.25 0.25) (thickness 0.04)))
    )
    (pad 1 smd roundrect (at -0.5675 0) (size 0.735 0.62) (layers F.Cu F.Paste F.Mask) (roundrect_rratio 0.25)
      (net 4 5V))
    (pad 2 smd roundrect (at 0.5675 0) (size 0.735 0.62) (layers F.Cu F.Paste F.Mask) (roundrect_rratio 0.25)
      (net 2 GND))
    (model ${KISYS3DMOD}/Capacitor_SMD.3dshapes/C_0402_1005Metric.wrl
      (at (xyz 0 0 0))
      (scale (xyz 1 1 1))
      (rotate (xyz 0 0 0))
    )
  )

  (module Capacitor_SMD:C_0402_1005Metric_Pad0.74x0.62mm_HandSolder (layer F.Cu) (tedit 5F6BB22C) (tstamp 61CFF55E)
    (at 118.872 126.492)
    (descr "Capacitor SMD 0402 (1005 Metric), square (rectangular) end terminal, IPC_7351 nominal with elongated pad for handsoldering. (Body size source: IPC-SM-782 page 76, https://www.pcb-3d.com/wordpress/wp-content/uploads/ipc-sm-782a_amendment_1_and_2.pdf), generated with kicad-footprint-generator")
    (tags "capacitor handsolder")
    (path /61CF37BC)
    (attr smd)
    (fp_text reference C6 (at 0 -1.16) (layer F.SilkS)
      (effects (font (size 1 1) (thickness 0.15)))
    )
    (fp_text value 22uF/10V (at 0 1.16) (layer F.Fab)
      (effects (font (size 1 1) (thickness 0.15)))
    )
    (fp_line (start -0.5 0.25) (end -0.5 -0.25) (layer F.Fab) (width 0.1))
    (fp_line (start -0.5 -0.25) (end 0.5 -0.25) (layer F.Fab) (width 0.1))
    (fp_line (start 0.5 -0.25) (end 0.5 0.25) (layer F.Fab) (width 0.1))
    (fp_line (start 0.5 0.25) (end -0.5 0.25) (layer F.Fab) (width 0.1))
    (fp_line (start -0.115835 -0.36) (end 0.115835 -0.36) (layer F.SilkS) (width 0.12))
    (fp_line (start -0.115835 0.36) (end 0.115835 0.36) (layer F.SilkS) (width 0.12))
    (fp_line (start -1.08 0.46) (end -1.08 -0.46) (layer F.CrtYd) (width 0.05))
    (fp_line (start -1.08 -0.46) (end 1.08 -0.46) (layer F.CrtYd) (width 0.05))
    (fp_line (start 1.08 -0.46) (end 1.08 0.46) (layer F.CrtYd) (width 0.05))
    (fp_line (start 1.08 0.46) (end -1.08 0.46) (layer F.CrtYd) (width 0.05))
    (fp_text user %R (at 0 0) (layer F.Fab)
      (effects (font (size 0.25 0.25) (thickness 0.04)))
    )
    (pad 2 smd roundrect (at 0.5675 0) (size 0.735 0.62) (layers F.Cu F.Paste F.Mask) (roundrect_rratio 0.25)
      (net 2 GND))
    (pad 1 smd roundrect (at -0.5675 0) (size 0.735 0.62) (layers F.Cu F.Paste F.Mask) (roundrect_rratio 0.25)
      (net 1 +3V3))
    (model ${KISYS3DMOD}/Capacitor_SMD.3dshapes/C_0402_1005Metric.wrl
      (at (xyz 0 0 0))
      (scale (xyz 1 1 1))
      (rotate (xyz 0 0 0))
    )
  )

  (module Capacitor_SMD:C_0402_1005Metric_Pad0.74x0.62mm_HandSolder (layer F.Cu) (tedit 5F6BB22C) (tstamp 61CFF56F)
    (at 112.522 107.696)
    (descr "Capacitor SMD 0402 (1005 Metric), square (rectangular) end terminal, IPC_7351 nominal with elongated pad for handsoldering. (Body size source: IPC-SM-782 page 76, https://www.pcb-3d.com/wordpress/wp-content/uploads/ipc-sm-782a_amendment_1_and_2.pdf), generated with kicad-footprint-generator")
    (tags "capacitor handsolder")
    (path /61D0B5A4)
    (attr smd)
    (fp_text reference C7 (at 0 -1.16) (layer F.SilkS)
      (effects (font (size 1 1) (thickness 0.15)))
    )
    (fp_text value 0.1uF/50V (at 0 1.16) (layer F.Fab)
      (effects (font (size 1 1) (thickness 0.15)))
    )
    (fp_line (start -0.5 0.25) (end -0.5 -0.25) (layer F.Fab) (width 0.1))
    (fp_line (start -0.5 -0.25) (end 0.5 -0.25) (layer F.Fab) (width 0.1))
    (fp_line (start 0.5 -0.25) (end 0.5 0.25) (layer F.Fab) (width 0.1))
    (fp_line (start 0.5 0.25) (end -0.5 0.25) (layer F.Fab) (width 0.1))
    (fp_line (start -0.115835 -0.36) (end 0.115835 -0.36) (layer F.SilkS) (width 0.12))
    (fp_line (start -0.115835 0.36) (end 0.115835 0.36) (layer F.SilkS) (width 0.12))
    (fp_line (start -1.08 0.46) (end -1.08 -0.46) (layer F.CrtYd) (width 0.05))
    (fp_line (start -1.08 -0.46) (end 1.08 -0.46) (layer F.CrtYd) (width 0.05))
    (fp_line (start 1.08 -0.46) (end 1.08 0.46) (layer F.CrtYd) (width 0.05))
    (fp_line (start 1.08 0.46) (end -1.08 0.46) (layer F.CrtYd) (width 0.05))
    (fp_text user %R (at 0 0) (layer F.Fab)
      (effects (font (size 0.25 0.25) (thickness 0.04)))
    )
    (pad 2 smd roundrect (at 0.5675 0) (size 0.735 0.62) (layers F.Cu F.Paste F.Mask) (roundrect_rratio 0.25)
      (net 2 GND))
    (pad 1 smd roundrect (at -0.5675 0) (size 0.735 0.62) (layers F.Cu F.Paste F.Mask) (roundrect_rratio 0.25)
      (net 5 IO0))
    (model ${KISYS3DMOD}/Capacitor_SMD.3dshapes/C_0402_1005Metric.wrl
      (at (xyz 0 0 0))
      (scale (xyz 1 1 1))
      (rotate (xyz 0 0 0))
    )
  )

  (module Capacitor_SMD:C_0402_1005Metric_Pad0.74x0.62mm_HandSolder (layer F.Cu) (tedit 5F6BB22C) (tstamp 61CFF580)
    (at 102.616 120.904)
    (descr "Capacitor SMD 0402 (1005 Metric), square (rectangular) end terminal, IPC_7351 nominal with elongated pad for handsoldering. (Body size source: IPC-SM-782 page 76, https://www.pcb-3d.com/wordpress/wp-content/uploads/ipc-sm-782a_amendment_1_and_2.pdf), generated with kicad-footprint-generator")
    (tags "capacitor handsolder")
    (path /61D10481)
    (attr smd)
    (fp_text reference C8 (at 0 -1.16) (layer F.SilkS)
      (effects (font (size 1 1) (thickness 0.15)))
    )
    (fp_text value 0.1uF/50V (at 0 1.16) (layer F.Fab)
      (effects (font (size 1 1) (thickness 0.15)))
    )
    (fp_line (start 1.08 0.46) (end -1.08 0.46) (layer F.CrtYd) (width 0.05))
    (fp_line (start 1.08 -0.46) (end 1.08 0.46) (layer F.CrtYd) (width 0.05))
    (fp_line (start -1.08 -0.46) (end 1.08 -0.46) (layer F.CrtYd) (width 0.05))
    (fp_line (start -1.08 0.46) (end -1.08 -0.46) (layer F.CrtYd) (width 0.05))
    (fp_line (start -0.115835 0.36) (end 0.115835 0.36) (layer F.SilkS) (width 0.12))
    (fp_line (start -0.115835 -0.36) (end 0.115835 -0.36) (layer F.SilkS) (width 0.12))
    (fp_line (start 0.5 0.25) (end -0.5 0.25) (layer F.Fab) (width 0.1))
    (fp_line (start 0.5 -0.25) (end 0.5 0.25) (layer F.Fab) (width 0.1))
    (fp_line (start -0.5 -0.25) (end 0.5 -0.25) (layer F.Fab) (width 0.1))
    (fp_line (start -0.5 0.25) (end -0.5 -0.25) (layer F.Fab) (width 0.1))
    (fp_text user %R (at 0 0) (layer F.Fab)
      (effects (font (size 0.25 0.25) (thickness 0.04)))
    )
    (pad 1 smd roundrect (at -0.5675 0) (size 0.735 0.62) (layers F.Cu F.Paste F.Mask) (roundrect_rratio 0.25)
      (net 3 EN))
    (pad 2 smd roundrect (at 0.5675 0) (size 0.735 0.62) (layers F.Cu F.Paste F.Mask) (roundrect_rratio 0.25)
      (net 2 GND))
    (model ${KISYS3DMOD}/Capacitor_SMD.3dshapes/C_0402_1005Metric.wrl
      (at (xyz 0 0 0))
      (scale (xyz 1 1 1))
      (rotate (xyz 0 0 0))
    )
  )

  (module Capacitor_SMD:C_0402_1005Metric_Pad0.74x0.62mm_HandSolder (layer F.Cu) (tedit 5F6BB22C) (tstamp 61CFF591)
    (at 102.616 111.76 180)
    (descr "Capacitor SMD 0402 (1005 Metric), square (rectangular) end terminal, IPC_7351 nominal with elongated pad for handsoldering. (Body size source: IPC-SM-782 page 76, https://www.pcb-3d.com/wordpress/wp-content/uploads/ipc-sm-782a_amendment_1_and_2.pdf), generated with kicad-footprint-generator")
    (tags "capacitor handsolder")
    (path /61D0D5D5)
    (attr smd)
    (fp_text reference C9 (at 0 -1.16) (layer F.SilkS)
      (effects (font (size 1 1) (thickness 0.15)))
    )
    (fp_text value 4.7uF/6.3V (at 0 1.16) (layer F.Fab)
      (effects (font (size 1 1) (thickness 0.15)))
    )
    (fp_line (start -0.5 0.25) (end -0.5 -0.25) (layer F.Fab) (width 0.1))
    (fp_line (start -0.5 -0.25) (end 0.5 -0.25) (layer F.Fab) (width 0.1))
    (fp_line (start 0.5 -0.25) (end 0.5 0.25) (layer F.Fab) (width 0.1))
    (fp_line (start 0.5 0.25) (end -0.5 0.25) (layer F.Fab) (width 0.1))
    (fp_line (start -0.115835 -0.36) (end 0.115835 -0.36) (layer F.SilkS) (width 0.12))
    (fp_line (start -0.115835 0.36) (end 0.115835 0.36) (layer F.SilkS) (width 0.12))
    (fp_line (start -1.08 0.46) (end -1.08 -0.46) (layer F.CrtYd) (width 0.05))
    (fp_line (start -1.08 -0.46) (end 1.08 -0.46) (layer F.CrtYd) (width 0.05))
    (fp_line (start 1.08 -0.46) (end 1.08 0.46) (layer F.CrtYd) (width 0.05))
    (fp_line (start 1.08 0.46) (end -1.08 0.46) (layer F.CrtYd) (width 0.05))
    (fp_text user %R (at 0 0) (layer F.Fab)
      (effects (font (size 0.25 0.25) (thickness 0.04)))
    )
    (pad 2 smd roundrect (at 0.5675 0 180) (size 0.735 0.62) (layers F.Cu F.Paste F.Mask) (roundrect_rratio 0.25)
      (net 2 GND))
    (pad 1 smd roundrect (at -0.5675 0 180) (size 0.735 0.62) (layers F.Cu F.Paste F.Mask) (roundrect_rratio 0.25)
      (net 1 +3V3))
    (model ${KISYS3DMOD}/Capacitor_SMD.3dshapes/C_0402_1005Metric.wrl
      (at (xyz 0 0 0))
      (scale (xyz 1 1 1))
      (rotate (xyz 0 0 0))
    )
  )

  (module Capacitor_SMD:C_0402_1005Metric_Pad0.74x0.62mm_HandSolder (layer F.Cu) (tedit 5F6BB22C) (tstamp 61CFF5A2)
    (at 105.918 107.696)
    (descr "Capacitor SMD 0402 (1005 Metric), square (rectangular) end terminal, IPC_7351 nominal with elongated pad for handsoldering. (Body size source: IPC-SM-782 page 76, https://www.pcb-3d.com/wordpress/wp-content/uploads/ipc-sm-782a_amendment_1_and_2.pdf), generated with kicad-footprint-generator")
    (tags "capacitor handsolder")
    (path /61D0D242)
    (attr smd)
    (fp_text reference C10 (at 0 -1.16) (layer F.SilkS)
      (effects (font (size 1 1) (thickness 0.15)))
    )
    (fp_text value 0.1uF/50V (at 0 1.16) (layer F.Fab)
      (effects (font (size 1 1) (thickness 0.15)))
    )
    (fp_line (start 1.08 0.46) (end -1.08 0.46) (layer F.CrtYd) (width 0.05))
    (fp_line (start 1.08 -0.46) (end 1.08 0.46) (layer F.CrtYd) (width 0.05))
    (fp_line (start -1.08 -0.46) (end 1.08 -0.46) (layer F.CrtYd) (width 0.05))
    (fp_line (start -1.08 0.46) (end -1.08 -0.46) (layer F.CrtYd) (width 0.05))
    (fp_line (start -0.115835 0.36) (end 0.115835 0.36) (layer F.SilkS) (width 0.12))
    (fp_line (start -0.115835 -0.36) (end 0.115835 -0.36) (layer F.SilkS) (width 0.12))
    (fp_line (start 0.5 0.25) (end -0.5 0.25) (layer F.Fab) (width 0.1))
    (fp_line (start 0.5 -0.25) (end 0.5 0.25) (layer F.Fab) (width 0.1))
    (fp_line (start -0.5 -0.25) (end 0.5 -0.25) (layer F.Fab) (width 0.1))
    (fp_line (start -0.5 0.25) (end -0.5 -0.25) (layer F.Fab) (width 0.1))
    (fp_text user %R (at 0 0) (layer F.Fab)
      (effects (font (size 0.25 0.25) (thickness 0.04)))
    )
    (pad 1 smd roundrect (at -0.5675 0) (size 0.735 0.62) (layers F.Cu F.Paste F.Mask) (roundrect_rratio 0.25)
      (net 1 +3V3))
    (pad 2 smd roundrect (at 0.5675 0) (size 0.735 0.62) (layers F.Cu F.Paste F.Mask) (roundrect_rratio 0.25)
      (net 2 GND))
    (model ${KISYS3DMOD}/Capacitor_SMD.3dshapes/C_0402_1005Metric.wrl
      (at (xyz 0 0 0))
      (scale (xyz 1 1 1))
      (rotate (xyz 0 0 0))
    )
  )

  (module Package_TO_SOT_SMD:SOT-143 (layer F.Cu) (tedit 5A02FF57) (tstamp 61CFF5B6)
    (at 105.918 124.46)
    (descr SOT-143)
    (tags SOT-143)
    (path /61CD172B)
    (attr smd)
    (fp_text reference D1 (at 0.02 -2.38) (layer F.SilkS)
      (effects (font (size 1 1) (thickness 0.15)))
    )
    (fp_text value SP0503BAHT (at -0.28 2.48) (layer F.Fab)
      (effects (font (size 1 1) (thickness 0.15)))
    )
    (fp_line (start -2.05 1.75) (end -2.05 -1.75) (layer F.CrtYd) (width 0.05))
    (fp_line (start -2.05 1.75) (end 2.05 1.75) (layer F.CrtYd) (width 0.05))
    (fp_line (start 2.05 -1.75) (end -2.05 -1.75) (layer F.CrtYd) (width 0.05))
    (fp_line (start 2.05 -1.75) (end 2.05 1.75) (layer F.CrtYd) (width 0.05))
    (fp_line (start 1.2 -1.5) (end 1.2 1.5) (layer F.Fab) (width 0.1))
    (fp_line (start 1.2 1.5) (end -1.2 1.5) (layer F.Fab) (width 0.1))
    (fp_line (start -1.2 1.5) (end -1.2 -1) (layer F.Fab) (width 0.1))
    (fp_line (start -0.7 -1.5) (end 1.2 -1.5) (layer F.Fab) (width 0.1))
    (fp_line (start -1.2 -1) (end -0.7 -1.5) (layer F.Fab) (width 0.1))
    (fp_line (start 1.2 -1.55) (end -1.75 -1.55) (layer F.SilkS) (width 0.12))
